Jacob	 Torres
1
Derelict Puke School
0000
1100
1000
0001
1001
0000
1000
0000
1000
0000
1001
1000
1001
1000
0000
1000
1000
1000
1000
1001
-----
Billy	 Curtis
2
Tick Of Mystery School
1000
0000
0000
1000
1000
1010
1001
0010
1010
1101
1000
1000
1100
0100
1000
1000
1010
1000
0100
0010
-----
Jody	 Hudson
3
Chef Of Socio School
1000
0001
0001
1100
1100
0010
0101
1100
1000
1100
1100
1010
0010
1000
0000
0011
1101
0001
1100
1000
-----
Elsa	 Waters
4
Wanted Condition School
1000
1000
1001
1000
1100
1010
1010
1000
1010
1010
1110
1001
1000
1001
1000
0000
1000
1000
0000
0000
-----
Nicole	 Hanson
5
Elemental Pad School
1000
1010
1000
1100
0000
0001
0010
0001
1000
1000
0000
0000
1100
1101
1000
1000
1000
1001
1101
1100
-----
Kerry	 Ortiz
6
Raw Drake School
1000
0010
1110
1001
1010
1000
1010
1100
1000
0000
1101
1010
1000
1000
1100
1010
0110
1000
1010
1000
-----
Stephanie	 Reese
7
Unholy Revival School
1000
1010
1000
0001
1110
1100
1001
1000
0000
0000
1100
1100
1100
1000
0000
1001
1000
1000
0001
0000
-----
Tyler	 Guzman
8
Blasted Pleased School
1000
0000
1100
1000
1010
0000
1000
1111
1000
1000
1000
0011
1000
0000
0000
1010
1010
1000
1001
1010
-----
Angel	 Wilkins
9
Smashing Real School
1000
0000
0000
0000
1000
1001
1010
1010
0010
1010
1010
1000
0100
1000
0000
0100
0101
0000
1000
1000
-----
Clark	 Wise
10
Cross Elder School
1010
0000
0001
0000
0000
0000
1100
0000
1110
1000
1100
0000
0100
1000
1101
0101
0000
1000
1000
1000
-----
Virginia	 Pena
11
Impending Software School
1000
0000
1000
0000
1000
0000
1010
1011
1000
0000
0010
1010
1000
1010
1000
1000
0000
1000
0000
0000
-----
Nicolas	 Santos
12
Hung Of The Probed School
1100
0100
1000
1000
1000
1000
0110
0000
1000
1000
1001
1001
1000
1000
1000
1000
1000
1000
0000
1010
-----
Myra	 Burns
13
Unholy Revival School
1000
1000
1000
1010
0100
1000
1000
1000
1010
1100
1000
1011
1001
1001
1000
0010
1100
1000
1110
1000
-----
Esther	 Mccoy
14
Impending Software School
0000
0000
1010
0000
1000
1000
1001
1000
1000
1000
1101
1110
0000
1010
1010
1000
0000
1000
0100
1000
-----
Mindy	 Hunt
15
Above Master School
0000
1001
0000
1000
0000
1110
1000
1000
0101
1100
1000
1000
1000
1100
1000
1000
0000
1001
1000
1001
-----
Gerald	 Newton
16
Smashing Real School
1010
1000
1010
1100
0010
0100
0000
1000
1000
0000
0000
1011
0000
1011
1000
1100
1000
0000
1000
1010
-----
Courtney	 Jordan
17
Damned Of The Victim School
0010
0100
1000
1000
1000
1000
0100
1100
0101
1000
1101
1000
1010
1000
1000
1000
1000
1100
0000
0100
-----
Jeffery	 Fuller
18
Above Master School
1000
1000
1000
0100
1000
0000
1010
1000
1000
1000
1000
1010
1011
1100
1000
1001
0011
0000
0000
1000
-----
Beverly	 Carlson
19
Remote Alex School
0000
0000
1000
1000
0000
0000
1000
0010
1000
1000
0000
1110
1000
0001
0000
0000
0000
1010
1001
1001
-----
Trevor	 Walters
20
Spore Kill School
1000
1100
0010
0000
1000
1000
1010
1100
1000
1100
1000
1000
1000
1001
1001
1000
0100
0000
1000
1000
-----
Lamar	 Pratt
21
Tick Of Mystery School
1010
1100
1000
1000
1000
1000
1100
0000
0101
1010
0100
0000
1000
1001
0010
0000
0000
0000
0000
1110
-----
Michelle	 Gill
22
Impending Software School
1000
1000
1000
1010
1100
1100
1000
1000
1100
0000
1100
0010
1000
0010
1100
1000
1010
1000
1000
1101
-----
Pete	 Hampton
23
Hung Of The Probed School
1100
1100
0010
1010
0100
0000
1000
1001
1100
0010
1100
1010
1000
0010
1000
1010
1000
0000
0100
1001
-----
Jane	 Russell
24
Carnal Of The Crunchy School
1000
0100
1000
1000
1000
1000
1010
0000
1000
0100
0010
0000
0010
1000
1000
1011
1110
1000
1011
0000
-----
Byron	 Ball
25
Above Master School
0000
1001
1011
1010
0000
1000
1000
0000
1010
1000
1000
0000
1000
1000
1000
0100
1100
1000
0100
1000
-----
Mona	 Vargas
26
Sign By Tuxedo School
1001
0000
1100
1000
1000
1101
0000
1001
0100
1000
1000
0000
1000
1000
1000
1000
0100
1000
1000
1000
-----
Jody	 Freeman
27
Overnight Thriller School
1100
1010
1001
0001
1000
1001
1010
1000
1100
0000
1001
0011
1000
1000
1000
1001
1100
1001
1011
1100
-----
Garry	 Lopez
28
Loaned Happiness School
0000
0101
1000
1001
1001
1100
0010
1000
0010
1000
0100
1000
1000
0000
1000
0010
1000
1000
0000
1100
-----
Miranda	 Lawson
29
Sign By Tuxedo School
1000
1010
1000
1000
1000
1000
0000
0001
1000
1000
0110
1000
1000
0001
0100
0010
1000
1000
0000
0000
-----
Judith	 Moss
30
Scissors Of The Bazooka School
1000
1101
0000
1100
1011
1000
0100
1000
1000
1000
1110
1000
0010
0010
0000
1000
1100
0100
1000
0000
-----
Darrel	 Curry
31
Cross Elder School
1000
0010
1000
1101
0000
1010
1001
1010
1001
1000
0000
0000
1100
1000
1000
0111
1001
1100
0000
1000
-----
Forrest	 Sullivan
32
Loaned Happiness School
0000
1100
1000
1100
0000
0100
1000
1000
1010
1000
1000
1111
1000
0110
0000
1000
1001
0100
1000
0000
-----
Roland	 Bowman
33
Enthused Zeppelin School
0100
1000
1010
1000
1000
1000
1000
0100
1100
1010
1000
1000
1010
1000
0000
1000
1001
0001
1000
1000
-----
Angel	 Ford
34
Piscatory Ship School
1000
1100
1100
0100
1000
1000
0100
1000
1000
1010
1100
0010
1000
0010
0111
0100
0001
1001
1010
1000
-----
Marianne	 Swanson
35
Cross Elder School
0001
1000
1000
0100
1000
0000
1000
1000
0100
1000
1000
1100
1100
1000
0101
0100
0000
0000
1001
1000
-----
Edna	 Peterson
36
Blasted Pleased School
0100
0000
0000
0000
1000
0100
1001
1000
1000
1010
1100
1001
1011
1100
1000
1000
1000
0000
0010
1000
-----
Dewey	 Buchanan
37
Roosevelt	 Brewer
1100
1000
0010
0000
1000
1000
1100
0110
1000
1000
1000
1000
0000
1000
0010
1100
1000
1000
1101
1000
-----
Sandra	 Smith
38
Hung Of The Probed School
1000
1000
1010
1010
1010
1011
1000
1000
1001
1000
0000
0110
0000
0000
0000
1000
1010
1100
1000
0100
-----
Frederick	 Soto
39
Blasted Pleased School
1011
0000
0100
0000
1000
1000
0000
1000
0000
1100
1010
1011
1000
1001
0000
1000
1000
0010
0000
1010
-----
Joel	 Hill
40
Scissors Of The Bazooka School
1000
1100
0000
1010
1000
1000
0000
1000
1000
0101
1100
1010
1100
0101
1100
1001
1001
1001
0000
1100
-----
Patti	 Mccarthy
41
Blasted Pleased School
1000
1010
1100
0000
1000
1000
1100
1000
1000
1001
1001
1100
0010
1000
0000
1100
1010
1001
1000
0000
-----
Gina	 Wheeler
42
Escaping Emo School
1010
1000
1000
1000
0010
1000
0000
1001
1000
1000
1000
1100
1000
1100
1000
0000
0000
1000
0000
1000
-----
Wilma	 Elliott
43
Overnight Thriller School
1100
1000
1000
0000
0100
0010
1000
0001
1000
1000
1100
0000
1000
1000
1010
0001
1001
1100
0000
0000
-----
Iris	 Holmes
44
Overnight Thriller School
1000
0100
1101
1100
1100
1000
0000
1100
1000
1000
0000
1000
1000
1000
0000
0000
0010
0010
1000
0000
-----
Ramona	 Brock
45
Loaned Happiness School
0100
1100
1000
1000
1010
0100
0000
1000
1101
0101
1010
1000
1000
1010
1110
1000
0000
1000
1000
0011
-----
Juana	 Stevenson
46
Piscatory Ship School
1000
1001
0000
1010
1100
1100
1110
0010
1000
1000
1000
1010
1000
0010
1100
1000
1001
0100
1000
0000
-----
Darla	 Boone
47
Carnal Of The Crunchy School
1000
0000
0010
1100
0100
1011
1011
1000
1000
1000
1000
1010
0010
1110
1011
1000
0001
0000
1000
1000
-----
Paul	 Coleman
48
Roosevelt	 Brewer
1000
1100
1000
0000
1010
0100
1000
0000
1000
0000
1100
1000
1010
1010
1000
1100
0000
1110
0000
1101
-----
Archie	 Sutton
49
Communion Of Bust School
0111
1001
0000
0000
1000
1000
0000
1100
1000
1000
1000
1000
1000
1010
1110
1001
1001
0000
0000
1000
-----
Ben	 Rice
50
Sign By Tuxedo School
1000
1000
1011
0011
1000
1000
1100
0110
0000
1001
0000
1000
1010
1000
0000
1101
0000
1000
0000
1011
-----
Felix	 Casey
51
Impending Software School
1000
0000
1000
0000
1001
1001
1010
0000
1000
1100
1110
0000
1000
0000
1000
1000
1100
1010
0000
1000
-----
Kim	 Collier
52
Walker Above Stick School
1000
1100
0110
1000
1000
0000
1000
1000
1000
0110
0100
1000
1100
1100
0000
1101
1100
1000
1000
0000
-----
Tim	 Wade
53
Sign By Tuxedo School
0000
0010
0000
1001
0010
0000
1000
1000
0000
1000
1110
1000
1010
1000
1010
0000
1011
1000
1010
1010
-----
Erica	 Santiago
54
Damned Of The Victim School
1010
1000
1000
0001
1100
1000
1010
0000
0000
1000
1100
0000
1010
1000
1000
1000
1001
0100
1000
1001
-----
Stacey	 Simpson
55
Roosevelt	 Brewer
1000
0010
0100
0000
1000
0001
1100
1001
1000
1000
1011
1000
0000
0001
1000
1000
1000
1000
1000
1001
-----
Jeannette	 Rowe
56
Walker Above Stick School
0000
1000
0000
0100
1010
1010
1000
0100
1000
0000
1000
1000
1000
1100
0000
1000
1000
1100
0000
1010
-----
Boyd	 Mason
57
Piscatory Ship School
1000
1000
1000
0000
0000
1001
1001
1100
1001
1010
1000
0000
1010
1001
1000
0000
1000
1000
0100
0000
-----
Melvin	 Anderson
58
Damned Of The Victim School
0000
1000
0000
1100
0000
0001
0010
1000
0100
1000
1101
0000
1000
1000
1001
1000
0000
1111
1000
1000
-----
Megan	 Wagner
59
Above Master School
1000
0000
1000
0000
1001
1000
0100
1111
1000
0000
0001
0000
0100
1000
0000
0000
1010
0000
1001
0010
-----
Julia	 Cain
60
Blasted Pleased School
0010
1000
1100
0000
1100
1000
1100
1000
1000
0000
0101
0000
0001
0100
0010
1000
0000
0000
0010
1000
-----
Anna	 Moody
61
Enthused Zeppelin School
1100
1010
1011
0010
1001
1000
1100
1000
0001
1100
0100
1000
0010
1100
1110
1100
1000
1010
1000
1100
-----
Lorraine	 Day
62
Cross Elder School
1010
1000
0000
0000
0000
1010
1100
1000
0100
0101
1000
0000
1000
0100
1100
1001
0000
1100
0000
0000
-----
Maggie	 Nichols
63
Sign By Tuxedo School
0100
0000
1000
0000
1100
1000
1000
1011
1000
0000
0011
0100
1001
1010
1010
1100
1000
1000
0001
1110
-----
Angelina	 Tate
64
Blasted Pleased School
1010
0000
1000
0000
1110
1000
1000
1000
0010
0010
0100
1010
0001
1000
0000
1010
1001
0000
0000
1000
-----
Stacy	 Cole
65
Remote Alex School
1001
1000
1001
1000
1000
1010
1000
0000
1000
1000
0000
1100
1000
1000
1000
1110
1000
1000
0000
0000
-----
Rogelio	 Perry
66
Sign By Tuxedo School
1000
0000
1001
0000
1000
0000
0000
1000
0000
1000
0000
0000
1000
1010
0001
1000
1100
0100
1000
0010
-----
Carla	 Sims
67
Hung Of The Probed School
1000
1000
1100
0100
0000
1001
0001
0000
1010
1010
0000
1000
1000
1100
1000
0000
1110
1000
0000
1000
-----
Jamie	 Patterson
68
Roosevelt	 Brewer
1100
1100
1010
0010
1000
1000
0100
0100
0000
1000
1110
0100
1000
0000
1001
1000
1000
1000
1100
0001
-----
Casey	 Hamilton
69
Scissors Of The Bazooka School
1000
0000
0100
1000
0001
0001
0000
0000
1100
1100
1000
1000
1011
1010
1000
1010
0000
1000
1000
1000
-----
Kristin	 Crawford
70
Above Master School
0000
1000
1000
0000
0100
0000
1000
0101
0000
1100
0000
0001
0000
0010
1000
1100
1000
1001
1000
1001
-----
Jake	 Valdez
71
Spore Kill School
1000
1010
1100
1000
0000
0000
0000
1100
0000
0000
1100
1000
1000
1010
1010
1000
1001
1000
1000
1000
-----
Johnnie	 Gomez
72
Communion Of Bust School
0010
1000
1100
1010
1000
1000
0000
1000
1010
1000
1001
0000
1100
0001
1000
0001
1011
0001
1001
0000
-----
Levi	 Norris
73
Walker Above Stick School
1100
0000
1110
1100
1010
0100
0000
0000
1010
1001
0000
1000
1000
1001
1000
0000
0110
0000
0000
1001
-----
Geneva	 Barker
74
Elemental Pad School
1000
1101
1001
1000
0000
1000
1001
1001
1000
1100
1000
1010
0110
1000
1001
0001
1001
1001
0000
0000
-----
Charlene	 Shelton
75
Raw Drake School
1000
1001
1000
1000
1001
1000
1000
1000
1000
1101
0000
1000
1000
1111
0100
0000
1010
1100
0000
0000
-----
Ramiro	 Kelley
76
Erectile Freezer School
1110
1010
1010
1100
1010
1000
0000
1000
1100
1100
0011
1010
1001
1000
1101
1000
1010
1000
1000
1010
-----
Andy	 Brady
77
Sign By Tuxedo School
0000
0010
1000
1000
1000
0010
0000
1000
1000
0001
0000
0100
1000
1001
1000
1000
0001
1110
1000
0000
-----
Steve	 Goodman
78
Piscatory Ship School
1010
1000
1110
1100
1101
1100
1000
1000
1101
0100
0010
1010
0010
1100
1000
1000
0000
0000
1100
0000
-----
Alfred	 Greene
79
Spore Kill School
1100
1100
0000
0100
1000
1001
1000
1100
0000
1000
1010
1000
1010
1100
1000
1000
1000
0100
0000
1000
-----
Opal	 Cruz
80
Loaned Happiness School
1110
0000
1000
0100
1100
0000
1000
0011
1000
1010
0000
1000
1000
1000
1000
1010
1001
1000
1000
1000
-----
Shari	 Maldonado
81
Blasted Pleased School
0000
1001
0000
1100
1001
1010
1010
0001
0000
0110
1000
0100
1010
0001
1000
1000
0100
1000
1101
0010
-----
Carlton	 Horton
82
Chef Of Socio School
1101
1000
1000
0000
1010
0000
0000
1010
1000
0000
0100
1000
1100
1100
1000
0000
1010
0000
1000
1000
-----
Emma	 Haynes
83
Blasted Pleased School
1001
1000
1000
0011
1000
1110
1010
1000
1000
0100
1100
1000
1000
1001
1100
1000
0000
1000
1101
1000
-----
Alan	 Cortez
84
Serial Hock School
1000
1100
1000
1000
0000
1000
1101
1000
1010
0000
1000
1000
1000
1001
0010
1001
1000
0000
1000
1000
-----
Dominick	 Simmons
85
Blasted Pleased School
0000
1110
1010
1000
1001
1000
1010
1001
0001
1000
0000
0010
1101
1100
1000
0000
1000
1100
0010
1100
-----
Herman	 Lowe
86
Sign By Tuxedo School
1010
1000
1001
0000
1000
1001
1010
1101
1100
1000
1110
0000
1000
1001
1000
0100
1000
1000
1000
1000
-----
Andre	 Mack
87
Above Master School
1110
1000
0001
1001
0010
0000
1000
1000
0100
1000
0000
0100
1000
0100
1010
1010
1000
0010
1000
1100
-----
Delia	 Perkins
88
Cross Elder School
1000
0101
0001
0000
1011
0000
1100
0000
1100
1110
1000
0000
1000
0000
1000
0000
0100
0000
1100
1000
-----
Diana	 Hicks
89
Escaping Emo School
1000
0000
1000
0100
1010
1111
1100
0001
1100
1000
1001
0010
0000
1000
1000
1000
0001
0000
1000
0000
-----
Joe	 Ellis
90
Elemental Pad School
1000
0000
1010
1100
0010
0001
1010
0000
1000
1001
1000
0000
1000
0100
1000
1000
0100
1000
1000
1000
-----
Julius	 Wells
91
Elemental Pad School
1100
1001
1010
1000
0100
1001
1000
0000
1000
1000
0000
1011
1000
0010
1100
1000
0100
1000
1100
1100
-----
Gladys	 Griffin
92
Erectile Freezer School
1100
0000
0000
1000
1000
0010
1100
0100
1000
1010
1000
1100
1000
0100
1000
0100
1001
1000
1000
1000
-----
Roxanne	 Mathis
93
Carnal Of The Crunchy School
1010
0000
0010
0000
1110
0010
1000
0000
1100
1000
0000
1001
0000
1000
1000
1100
1000
0000
1000
0000
-----
Wallace	 Johnston
94
Carnal Of The Crunchy School
1100
1000
0001
1000
0000
1001
0010
1000
0000
0100
0001
1000
0000
0000
1000
0000
1000
1100
0010
1100
-----
Jasmine	 Quinn
95
Tick Of Mystery School
1000
1001
1010
1000
1000
0000
0000
1001
1001
1000
1001
1010
0000
0000
1000
1010
0000
0100
1100
1000
-----
Kevin	 Bowers
96
Damned Of The Victim School
0001
1010
0000
1000
1001
0000
1100
1010
1000
1000
0000
0010
0010
0100
0100
0000
1001
0101
0100
0000
-----
Santos	 Zimmerman
97
Elemental Pad School
1100
0000
0001
0101
1000
1000
0000
0100
0000
1000
1000
0000
1001
1100
0001
1100
1010
0000
1100
1000
-----
Joanna	 Henry
98
Impending Software School
1100
1001
1100
0110
0000
1001
0000
1111
0101
0000
1000
0000
0000
1100
0000
1010
1100
1001
1000
0000
-----
Loretta	 Hayes
99
Communion Of Bust School
1000
1010
1000
1010
1000
1010
1100
0101
1100
1000
0001
1000
0000
1100
0000
1000
0000
1000
1000
1000
-----
Rex	 Stanley
100
Damned Of The Victim School
1010
1000
0010
1100
0000
1100
1010
1001
1110
0001
0001
1000
1010
0000
1000
1001
1000
1000
1100
1000
-----
Stephen	 Roberson
101
Classroom Industry School
0000
1000
1000
1001
1000
0100
0100
1010
0000
0000
1000
0010
0000
1001
1001
0000
1000
1001
1101
1000
-----
Nellie	 Freeman
102
Sign By Tuxedo School
1011
0000
1001
1000
0000
0000
0001
1110
1010
1000
1000
0001
0000
1001
0000
0000
1011
1110
0001
1010
-----
Marjorie	 Schultz
103
Escaping Emo School
1100
0000
1000
0000
1000
1011
0100
1000
0110
1100
1000
1000
1111
0000
1100
1001
1000
1000
0100
0000
-----
Sophie	 Vargas
104
Loaned Happiness School
0100
1010
1000
0010
1000
1001
1000
0100
1000
0000
0000
1000
0000
1000
0010
1010
0000
0010
1000
0100
-----
Delbert	 Bowman
105
Unholy Revival School
1000
1010
1100
1000
0101
0000
0010
1000
1000
0100
1000
1100
1000
1001
1000
1101
1010
0001
1110
0010
-----
Wilbert	 Mullins
106
Surviving Purse School
1000
1000
1000
1010
0010
1000
1011
1010
1000
0101
1000
1000
1000
1000
1010
1000
1100
1000
0001
1010
-----
Florence	 Lane
107
Communion Of Bust School
0000
0000
0000
1001
0000
0000
1000
0000
1000
1001
1000
1000
1010
1000
0000
1000
1100
1100
1000
1100
-----
Henrietta	 Holloway
108
Escaping Emo School
1000
1100
1100
1000
1000
0010
0000
0000
1001
1000
1010
1001
1000
0000
1010
0000
0000
1100
1000
1000
-----
Henry	 Todd
109
Escaping Emo School
0010
0000
0100
1000
1100
0010
0000
1000
1000
1000
1101
0100
1100
1010
0000
0100
0010
0000
0010
1000
-----
Lester	 Dawson
110
Wanted Condition School
1100
1000
1000
1000
1100
1001
1100
1100
0000
1000
1000
1000
1011
0010
1100
1000
1100
0000
1000
0000
-----
Roberta	 Alvarez
111
Smashing Real School
0001
0110
1000
1100
0000
1001
1000
1000
1000
1100
1000
1000
1000
0100
1100
1010
1000
0001
1001
1000
-----
Roxanne	 Vaughn
112
Scissors Of The Bazooka School
1100
1110
1000
1000
0000
1010
0000
1001
0000
1000
1000
1010
1000
0010
1001
1000
1101
0000
0000
1000
-----
Jermaine	 Foster
113
Wanted Condition School
0100
0000
1000
1100
0000
1010
1000
1000
0000
1000
1001
1000
1100
1010
0000
0000
0000
0010
1100
1000
-----
Susie	 Howard
114
Blasted Pleased School
0000
1000
1100
1100
1100
1100
0011
1000
1001
0100
0000
1100
1010
0000
0001
1000
1000
0100
0000
1001
-----
Fred	 Norris
115
Walker Above Stick School
0000
0000
0000
0000
1100
1000
0000
1100
1000
0000
1000
1000
1001
0100
1000
0010
1101
1000
0000
1010
-----
Corey	 Gregory
116
Surviving Purse School
1100
1000
1100
0001
1010
1001
0010
1010
1100
0110
0010
1010
0000
1000
1101
1000
1100
1000
1000
1000
-----
Alex	 Wolfe
117
Raw Drake School
0000
1000
1110
0010
1000
0000
1000
1000
1010
1010
1100
0000
1000
0000
1000
1100
1000
0000
1000
1000
-----
Elijah	 Briggs
118
Walker Above Stick School
1000
1001
1000
1000
1000
1000
1100
1101
1110
1100
0000
0010
1100
1010
1001
0000
1111
1000
1100
1001
-----
Jonathan	 Pearson
119
Chef Of Socio School
1101
1000
1000
1000
1011
1000
1000
1010
1101
1000
1000
0000
0011
1010
1000
1001
1000
1100
0110
1100
-----
Nelson	 Poole
120
Derelict Puke School
1100
0010
1000
1010
1000
0000
0000
1000
0100
1000
1000
0000
0101
1100
0000
0011
1011
1000
0000
1010
-----
Leona	 Hughes
121
Carnal Of The Crunchy School
0100
1000
1100
1000
1000
1100
1000
1000
0000
1100
1000
1000
1000
0000
1000
0000
1101
0100
0111
0000
-----
Brian	 Dunn
122
Escaping Emo School
1001
0000
1101
1000
1000
0100
1000
0010
0100
1000
1000
1000
0000
1000
1000
1100
1000
1000
0001
1001
-----
Roosevelt	 Brewer
123
Above Master School
1100
0000
1100
0100
1001
1000
0000
0000
1001
0000
0000
0110
1000
1111
1000
1010
0000
0100
1001
0000
-----
Rick	 Pratt
124
Scissors Of The Bazooka School
1000
0000
0000
0000
1010
1010
1000
1010
1100
1100
1000
0000
1000
1000
0001
1000
1000
1000
1000
1000
-----
Randall	 Warren
125
Damned Of The Victim School
1010
1000
0100
1000
1000
1001
1000
1001
0000
1000
1000
0000
1000
1001
1000
1000
1000
1000
1000
0000
-----
Marty	 Parsons
126
Tick Of Mystery School
0010
1000
1000
1000
0000
1000
0010
0000
0100
1000
1010
0100
1000
1000
1000
1000
1000
0000
1000
1100
-----
Naomi	 Mccoy
127
Smashing Real School
1100
0011
0011
1100
1100
1000
1100
1000
0010
1001
0000
1100
0000
0000
1000
1000
1000
0100
1000
0000
-----
Essie	 Griffin
128
Unholy Revival School
0001
0100
1000
0000
0001
1000
1000
1000
0001
0000
0000
1100
1000
1000
1000
1000
1000
1000
1000
1010
-----
Johnnie	 Carroll
129
Piscatory Ship School
1000
1100
1001
1100
1010
1010
1101
0000
0000
0000
1000
1000
1000
1001
1010
1000
1001
0100
0001
1001
-----
Damon	 Hammond
130
Classroom Industry School
1110
1000
1000
1000
1100
0000
0000
1010
1010
1101
0000
0100
1000
1010
0100
1000
0010
1100
1100
1000
-----
Jerald	 Kim
131
Walker Above Stick School
0000
1000
0000
1100
0000
0000
1000
1000
1000
0000
0000
0000
1000
0000
1000
1000
1100
1000
1000
1000
-----
Betsy	 Myers
132
Blasted Pleased School
1110
1000
1000
1100
1010
0011
0000
1100
1000
0000
0010
0000
1011
0010
1010
1000
1000
1000
1000
0010
-----
Courtney	 Farmer
133
Communion Of Bust School
1110
1000
1000
0000
1100
0000
1000
0111
0100
1000
1001
1010
0010
0000
1010
1100
0000
1110
0010
1000
-----
Jeanette	 Rodriguez
134
Damned Of The Victim School
1100
1010
1000
0000
1000
1001
1000
1000
0000
1000
0000
1011
1000
0100
1001
1100
0001
1011
0000
1000
-----
Alma	 Houston
135
Surviving Purse School
1001
0100
1001
1000
1000
0100
1000
0100
1000
0010
0011
1010
1000
1000
1010
0000
1001
1100
0100
1010
-----
Wilma	 Taylor
136
Wanted Condition School
0000
1000
1000
1000
1000
1000
1000
1000
0000
0000
1000
1010
0000
0000
1000
1000
1101
1000
1010
1100
-----
Gilberto	 Reid
137
Enthused Zeppelin School
1100
1000
1110
1100
0000
0110
0110
0001
1100
1000
1000
0101
1010
1000
1000
0000
1001
0000
1000
1000
-----
Maggie	 Rodriquez
138
Derelict Puke School
1100
0000
0010
0100
1001
0000
0110
1101
0000
0000
0100
1000
1000
1100
1001
0000
0010
0000
1100
1001
-----
Sheri	 Campbell
139
Escaping Emo School
1000
0010
1000
1001
0000
1001
0000
1000
1000
0000
1100
1000
0000
1000
1000
1000
0000
1000
1000
1010
-----
Jill	 Munoz
140
Damned Of The Victim School
1000
1100
0110
1000
1000
0101
1001
1000
0000
1000
1000
1100
1000
1000
1100
1100
1100
1000
1000
0000
-----
Armando	 Hernandez
141
Chef Of Socio School
1101
1000
1000
1010
0000
1100
1010
1000
1100
0000
1000
1000
0000
1000
1100
1000
1100
1000
1000
0001
-----
Camille	 Griffith
142
Chef Of Socio School
1000
0110
0000
1110
1000
1000
1000
1110
0000
0000
1010
1100
0000
1000
1000
0000
1010
1000
0000
0001
-----
Sherman	 Morris
143
Carnal Of The Crunchy School
1001
1100
1010
0000
1000
1010
1001
1001
0101
1000
1000
1000
0001
1100
1000
1000
1000
1100
1000
1000
-----
Tomas	 Gutierrez
144
Cross Elder School
0000
1001
1100
0100
0000
1001
1100
0000
0100
1101
1000
1000
1000
1000
0101
1100
0000
0000
0000
1000
-----
Shawn	 Strickland
145
Blasted Pleased School
0000
0000
1100
0000
0010
1000
1000
0000
0101
1000
0000
0100
1010
1110
1100
1010
0000
1000
0000
0000
-----
Elvira	 Day
146
Spore Kill School
1010
1010
1101
0110
1010
1010
0010
1010
0000
1000
0010
1100
1000
1001
0101
0000
1100
1100
1100
1000
-----
Faye	 Murphy
147
Classroom Industry School
0000
0000
1101
0001
1100
1010
0000
0000
0010
1000
1000
1001
1000
0000
1000
1101
1100
0000
1000
1000
-----
Dixie	 Francis
148
Enthused Zeppelin School
1100
0011
1000
1000
0011
1100
1000
1100
1100
1001
1000
1010
1000
1000
1000
0101
0000
1001
0001
0000
-----
Geoffrey	 Oliver
149
Communion Of Bust School
1000
1000
1100
0100
1001
1000
1000
1010
1010
0001
1000
1000
1001
1000
0000
1000
0000
0000
1010
1000
-----
Spencer	 Tate
150
Loaned Happiness School
0010
1000
0100
1001
1000
0000
0000
1001
1010
1000
1000
0100
1010
1101
0000
1000
1001
1000
1100
1001
-----
Georgia	 Robertson
151
Piscatory Ship School
1000
1000
1000
1001
1100
1010
0000
1100
1000
1001
1110
1000
1100
1000
1000
1100
1000
1000
1100
1000
-----
Jacob	 Cross
152
Surviving Purse School
0000
1000
1000
1000
0000
0110
1000
1010
0000
1001
1000
1000
1000
0000
0100
0011
1000
1011
1010
1000
-----
Vincent	 Romero
153
Scissors Of The Bazooka School
0000
0000
1000
0100
1000
1000
1010
1010
0000
1000
0000
0010
1100
0100
1000
1010
0100
0110
0110
0000
-----
Olive	 Dixon
154
Communion Of Bust School
1010
1100
1001
0000
1000
1000
0000
1000
1001
0000
1000
1000
1000
1001
0000
0000
0000
1011
1000
0010
-----
Lucy	 Morton
155
Escaping Emo School
1000
0000
1000
0000
0000
1000
1100
1000
1010
1000
1000
1000
1000
0000
0100
1000
1111
1110
1000
1000
-----
Cheryl	 Bass
156
Overnight Thriller School
1001
1000
0000
1000
1000
1010
1001
1001
0000
1100
0000
1000
0110
1000
0000
1010
1001
1001
0000
1100
-----
Willie	 Hawkins
157
Erectile Freezer School
1000
1000
1000
1010
0000
0000
1001
1010
1000
1010
1000
0000
1100
1011
1001
0000
1000
0100
1000
1000
-----
Neal	 Martinez
158
Derelict Puke School
0110
1000
0100
1000
0000
1000
1000
0100
1000
0000
0000
1000
1100
0001
1000
1000
1000
1110
0000
1100
-----
Ruth	 Manning
159
Unholy Revival School
1100
1000
0010
1000
0100
1000
0000
1000
1000
1000
0000
1000
1000
1000
1000
0000
1001
1000
1100
1010
-----
Philip	 Fuller
160
Unholy Revival School
1000
1011
1000
1000
1010
0000
0101
1000
1100
1100
1001
1000
1000
0010
0100
0110
0000
0000
0000
0000
-----
Boyd	 Ramsey
161
Piscatory Ship School
1010
1100
0011
1000
1010
0000
0000
0001
0010
0000
0000
1000
1000
1100
1000
1100
0000
1001
0100
1000
-----
Howard	 Reese
162
Carnal Of The Crunchy School
1000
0010
1000
1000
1100
0000
0000
0000
1010
0110
1000
1000
1000
1000
1010
1000
1000
0000
0001
1000
-----
Sammy	 Rowe
163
Escaping Emo School
1100
1010
1000
1000
0110
0000
1100
1001
0000
1000
0100
1000
0001
1010
0010
0000
1000
0000
1000
1001
-----
Sue	 Neal
164
Sign By Tuxedo School
0010
1000
1100
1000
0000
1011
0010
1000
1000
1010
1100
1000
0101
1000
1100
1000
1110
1000
0010
0000
-----
Latoya	 Adams
165
Above Master School
1000
0010
1000
0000
1000
1000
1100
0000
0101
0010
0100
1110
1000
1000
1010
1101
0010
0110
1000
0000
-----
Doyle	 Jefferson
166
Hung Of The Probed School
1010
1000
1010
0000
1000
0000
1010
0000
0001
1100
1100
1000
1100
0001
1100
1000
1000
1011
0100
0000
-----
Myrtle	 Paul
167
Loaned Happiness School
1000
0000
0000
1010
1000
1000
1000
0100
0000
0010
1000
1000
1100
1010
1000
1000
1000
1100
0010
1000
-----
Leslie	 Moreno
168
Piscatory Ship School
1000
0111
1000
0000
0010
0001
1100
0010
1101
0111
0000
0001
1000
0000
1000
1000
1000
0000
1000
0100
-----
Debra	 Hodges
169
Damned Of The Victim School
0000
0010
0100
1000
0000
1000
1000
0000
1000
1000
0000
0000
0011
1000
1001
1001
1000
1011
0001
0101
-----
Raymond	 Hunter
170
Enthused Zeppelin School
0000
1010
1000
1101
1000
1000
0000
0000
0000
1000
0000
1010
1000
0000
1001
0001
1000
1100
1000
1000
-----
Jerry	 Gill
171
Sign By Tuxedo School
1000
1000
1000
1001
1000
1000
1000
1001
1000
0000
0110
1001
1100
1100
1000
1000
1000
0000
1000
1000
-----
Manuel	 Barber
172
Erectile Freezer School
1000
0000
1100
1001
1000
1100
1000
1010
1011
0001
1010
1001
0100
1000
0000
1000
0000
1000
1001
1000
-----
Danielle	 Brooks
173
Surviving Purse School
1100
1010
0000
1101
1101
1110
1010
0000
1010
1000
0000
1000
1000
1000
1000
1000
1000
1010
1100
1000
-----
Betty	 Stephens
174
Impending Software School
1000
1100
1000
1101
1011
0111
0000
1000
1000
0000
0100
0010
0000
0000
0000
1000
1010
0010
1000
1010
-----
Lyle	 Green
175
Piscatory Ship School
0111
1000
1001
1001
0000
1100
0100
1100
1000
1010
1000
1000
1010
0000
0000
1000
1010
0000
1001
1000
-----
Malcolm	 Malone
176
Elemental Pad School
1100
1001
0000
0100
1000
1000
0000
1001
0010
1000
1000
1000
1011
1000
1000
1000
1001
1000
0000
0000
-----
Tonya	 Chambers
177
Smashing Real School
0000
0010
1011
1000
1110
1100
1001
1000
0100
0000
0010
1000
0010
0100
1100
1100
1000
0000
0000
1100
-----
Sherri	 Evans
178
Remote Alex School
1010
0000
1000
1100
0000
0000
0010
1010
1000
1000
1000
0000
0000
0100
0000
0100
1010
1000
1000
1000
-----
Joan	 Phelps
179
Classroom Industry School
0000
1000
1000
0010
1000
0000
0000
0000
1000
1000
1000
1000
1010
1000
0000
1010
1000
0001
1000
1100
-----
Lora	 Walton
180
Classroom Industry School
1000
0000
1001
1100
1000
1000
1100
0001
1010
0100
0010
1100
1000
0000
1000
1101
0011
0000
1000
1100
-----
Clifton	 Hampton
181
Raw Drake School
0000
0110
1000
1100
0000
1000
1000
0010
1000
1010
1001
1000
1010
0010
0101
1000
0100
1000
0001
0001
-----
Rose	 Lloyd
182
Sign By Tuxedo School
0000
1000
1000
1001
1000
1000
1010
1010
1000
1000
1000
0000
1101
0000
1000
1000
1000
1100
1010
1000
-----
Lorene	 Mclaughlin
183
Wanted Condition School
1000
1011
1000
1000
1000
0010
1000
1000
1000
1000
1100
1000
0100
0100
1000
0001
0100
0001
1001
0101
-----
Veronica	 Mcdonald
184
Damned Of The Victim School
0100
1000
1000
1000
0000
1000
0000
0100
1010
1000
1000
1000
1100
1010
0100
0100
1000
0000
0010
1000
-----
Jim	 Harris
185
Remote Alex School
0000
0100
0010
0000
0000
0000
0000
1000
1010
0000
1000
1000
1000
0010
1000
1000
1000
0100
1000
1000
-----
Bill	 Robinson
186
Impending Software School
0000
1000
1000
0000
0000
1010
0000
0101
1000
1000
0000
1000
1000
0010
1101
1100
0001
0011
1000
0000
-----
Bryant	 Powell
187
Wanted Condition School
1000
0000
1100
1001
0010
0000
0000
0000
0000
1010
1100
1001
1110
1010
1000
1001
0000
1000
1000
0000
-----
Rickey	 Baldwin
188
Damned Of The Victim School
0000
1000
1000
0100
0010
1110
0100
1000
1000
0010
0100
0000
1000
0001
1000
1010
1000
0001
1100
1100
-----
Yolanda	 Mills
189
Chef Of Socio School
1000
1000
1010
1000
0000
0100
0000
0001
1000
1100
1000
1110
1000
0000
1000
1000
1000
0100
1000
1100
-----
Krista	 Weaver
190
Enthused Zeppelin School
1000
1000
0000
1000
1000
1010
1100
1010
1001
1000
1000
1100
1000
1000
1000
1001
1100
0000
1001
0000
-----
Martin	 Goodman
191
Communion Of Bust School
1001
1000
0000
1010
0000
1010
1000
1000
1101
1000
1100
1000
1100
1000
0000
1000
1000
1000
0000
1000
-----
Bob	 Greene
192
Piscatory Ship School
0100
1000
0000
1101
0000
1000
1100
0000
1010
1101
1100
1100
1100
1000
1010
0010
1001
1000
0000
0111
-----
Antoinette	 Cook
193
Impending Software School
1100
1000
0100
1000
1000
1100
1001
1100
1010
1001
1000
1100
1000
0000
1000
0010
0000
0100
1000
0000
-----
Alexis	 Martin
194
Damned Of The Victim School
1000
1000
1000
1000
0100
1000
0010
0000
0001
0000
0010
1100
1000
0000
1010
1000
0000
0000
0011
0000
-----
Jody	 Knight
195
Derelict Puke School
1000
1010
1000
1000
1000
1000
1010
0000
1000
1000
0000
0000
1000
0000
1001
1000
1000
1000
1011
1110
-----
Deanna	 Carlson
196
Impending Software School
1000
1000
1100
1100
0110
1000
1100
1000
0000
1000
1001
1000
1100
0000
1000
0000
0100
1000
1000
1000
-----
Luke	 Morales
197
Walker Above Stick School
1100
0010
1001
0001
0100
0010
0000
1000
1100
1100
0010
1010
1000
0000
0100
1000
1000
1000
1100
1000
-----
Geneva	 Morrison
198
Erectile Freezer School
1100
0000
1000
1010
0000
1000
0000
1001
0000
1000
0000
1000
1000
1010
1000
0100
1000
1001
1000
0000
-----
Michelle	 Harrington
199
Wanted Condition School
1010
1100
1110
1000
0010
1100
0100
1000
1100
0000
1000
0010
1001
0000
0000
0010
1100
1010
1000
0011
-----
Jonathon	 Scott
200
Overnight Thriller School
1000
1000
0001
1100
1001
1010
1110
0000
1000
0000
0000
1000
1000
0000
1000
1000
1000
1100
1100
1000
